100w: 700(1100) 23 26 28 24 28 23 22 22 28 30 24 22 22 26 37 28
200w: 1710 1772 1640 1656 1636 1680 1766 1655 1696 1658 1821 31 31 42 35 33 34 34 31 30 30 31 
300w: 2832 2418 3143 2617 3237 2471 2475 2881 2497 2418 2351 7459 49 38 38 49 42 44 42 46 44 45
400w: 3561 3199 4305 4340 3497 3340 3171 3227 3162 3246 5462 3374 69 63 63 65 64 57 55 60 50 59 
500w: 4246 3838 4014 4063 3940 4035 3879 3856 3889 3944 12133 64 65 67 63 64 65 62 63 69 63 
600w: 4838 4883 4852 4633 4789 4671 4755 4725 4940 6855 69 68 73 70 80 78 70 73 93 72 
700w: 5846 6627 6089 5592 5499 5551 5571 5625 5593 5567 5662 95 93 97 90 87 89 90 92 108 
800w: 6611 6275 6229 6295 6221 6261 6308 6269 6456 6289 12031 6514 155 101 107 109 102 102 108 102 121 111 
900w: 7121 7093 6984 7063 6942 8066 7700 7047 7280 7019 14488 9127 7941 131 159 119 117 113 137 114 121 138 
1000w: 7615 7837 7891 8000 7870 7783 8089 7759 7597 7843 12993 7819 319 128 120 119 119 124 123 130 127 138 129 127 126 141 131 129 131 119
2000w: 16061 15322 15378 15618 15629 16920 49186 19509 18286 300 265 293 297 268 303 301 265 283 279 283 281 352 
3000w: 5557 548 439 404 440 403 450 431 437 23568 22971 22656 22728 22423 